ZIP_CODE PO_NAME STATE count_prop avg_risk_s avg_risk_1 avg_risk_f avg_risk_2 avg_risk_3 avg_risk_
33019 Hollywood FL 4,800 8.04 8.14 8.20 8.15 8.47 6.72
33020 Hollywood FL 12,096 4.06 5.77 7.11 6.10 5.93 3.11
33021 Hollywood FL 13,757 3.19 5.08 6.28 5.35 4.24 2.80
33023 Hollywood FL 19,876 3.15 4.98 6.15 5.19 4.80 2.79
33024 Hollywood FL 20,101 2.78 4.71 6.14 4.99 4.56 2.43
33025 Hollywood FL 13,680 2.73 4.47 6.48 5.12 5.60 2.67
33026 Hollywood FL 9,894 2.73 5.58 6.60 5.74 3.54 2.71
33027 Hollywood FL 16,215 3.41 5.22 6.22 5.26 4.31 3.34
33029 Hollywood FL 15,301 1.98 4.72 6.49 4.91 4.24 1.88
33010 Hialeah FL 7,698 3.43 4.99 6.25 5.24 4.54 1.92
33012 Hialeah FL 9,842 3.97 4.43 5.98 4.67 4.76 3.16
33013 Hialeah FL 8,004 2.76 5.14 6.27 5.40 3.95 1.54
33014 Hialeah FL 7,519 6.16 6.38 6.80 6.45 6.86 5.34
33015 Hialeah FL 10,142 6.62 6.66 6.78 6.67 6.64 5.79
33016 Hialeah FL 5,614 8.48 8.51 8.53 8.51 8.60 8.19
33018 Hialeah FL 12,021 7.79 8.17 8.22 8.17 7.77 7.82
33122 Miami FL 346 4.39 5.73 6.66 5.87 5.26 3.41
33125 Miami FL 7,920 4.28 5.73 6.59 5.95 5.75 2.62
33126 Miami FL 5,024 2.93 5.01 6.39 5.30 4.43 1.92
33127 Miami FL 7,273 3.31 5.20 6.15 5.41 5.33 3.17
33128 Miami FL 655 6.64 6.80 7.07 6.91 7.00 3.81
33129 Miami FL 1,774 3.02 5.49 6.56 5.70 6.96 2.89
33130 Miami FL 1,945 5.06 6.76 7.49 6.93 7.43 2.72
33131 Miami FL 252 6.96 7.25 8.12 7.43 7.82 4.48
33132 Miami FL 553 5.20 5.61 7.76 6.88 8.34 3.84
33133 Miami FL 8,259 3.80 6.21 7.36 6.47 9.05 3.25
33134 Miami FL 10,348 3.13 5.21 6.21 5.41 5.60 3.06
33134 Miami FL 10,348 3.13 5.21 6.21 5.41 5.60 3.06
33135 Miami FL 5,054 3.42 5.12 6.28 5.35 6.37 3.19
33136 Miami FL 1,686 4.33 5.96 7.52 6.64 8.16 2.94
33137 Miami FL 3,007 3.74 5.83 7.27 6.48 7.92 2.59
33138 Miami FL 6,929 5.86 6.47 7.60 7.01 8.33 4.34
33142 Miami FL 13,257 3.23 5.02 6.24 5.40 4.36 2.28
33143 Miami FL 7,977 3.30 5.41 6.82 5.69 5.63 2.58
33144 Miami FL 6,162 2.94 4.76 6.06 5.05 4.67 2.38
33145 Miami FL 6,932 3.55 5.11 6.39 5.36 0.00 3.55
33146 Miami FL 3,885 3.11 5.35 6.69 5.80 5.60 2.95
33147 Miami FL 13,013 3.17 4.95 6.29 5.32 4.49 2.08
33150 Miami FL 6,378 3.90 5.47 6.47 5.78 5.59 3.39
33155 Miami FL 13,332 3.77 5.50 6.44 5.70 4.87 3.55
33156 Miami FL 9,215 3.63 5.58 6.91 5.91 5.37 2.55
33157 Miami FL 18,498 3.82 5.12 6.50 5.58 5.75 2.78
33158 Miami FL 2,231 4.68 5.67 6.68 6.00 5.65 2.63
33161 Miami FL 9,410 4.23 5.22 6.63 5.87 5.60 2.34
33162 Miami FL 9,664 2.67 4.23 6.09 4.98 3.78 2.51
33165 Miami FL 14,977 2.76 4.99 6.50 5.23 3.51 2.70
33166 Miami FL 7,295 4.14 5.18 6.36 5.44 5.44 3.21
33167 Miami FL 4,794 2.55 4.54 6.16 5.05 4.61 2.28
33168 Miami FL 6,977 2.89 4.78 6.03 5.03 4.17 2.80
33169 Miami FL 8,327 2.89 4.28 6.18 4.65 3.69 2.58
33170 Miami FL 5,247 4.56 5.86 6.76 6.15 6.49 3.28
33172 Miami FL 2,340 2.60 5.45 6.70 5.75 3.37 2.06
33173 Miami FL 8,592 4.25 5.31 6.08 5.43 5.61 2.52
33174 Miami FL 4,721 3.46 4.39 5.78 4.58 3.52 3.21
33175 Miami FL 14,119 2.06 4.80 6.33 5.12 2.36 1.29
33176 Miami FL 13,331 3.52 5.27 6.37 5.45 5.46 2.90
33177 Miami FL 15,104 3.19 4.59 6.11 4.86 4.83 2.47
33178 Miami FL 13,171 3.18 6.77 7.34 6.87 4.89 1.99
33179 Miami FL 6,595 2.97 4.63 6.59 5.31 4.45 2.37
33180 Miami FL 2,606 6.05 6.13 7.16 6.25 6.40 4.63
33181 Miami FL 2,861 7.71 8.07 8.47 8.28 8.40 3.20
33182 Miami FL 4,103 2.09 4.96 6.55 5.21 3.68 1.53
33183 Miami FL 6,584 1.53 5.10 6.76 5.50 1.61 1.35
33184 Miami FL 4,066 2.32 4.87 6.19 5.22 2.52 1.61
33185 Miami FL 8,611 1.80 6.55 7.51 6.78 2.40 1.25
33186 Miami FL 18,719 2.35 4.12 5.96 4.54 2.55 2.14
33187 Miami FL 9,744 4.55 6.02 6.98 6.20 5.89 3.46
33189 Miami FL 7,066 6.12 6.18 6.77 6.27 6.41 5.43
33190 Miami FL 3,171 6.80 6.81 6.89 6.81 6.81 6.40
33193 Miami FL 8,842 1.32 5.17 6.70 5.56 1.75 1.16
33194 Miami FL 11,587 5.50 8.20 8.48 8.30 5.62 1.21
33196 Miami FL 13,899 2.63 5.07 7.01 5.49 3.28 1.92
46959 Miami IN 200 2.11 5.33 6.84 5.47 5.78 1.93
33199 Miami FL 0 0.00 0.00 0.00 0.00 0.00 0.00
33426 Boynton_Beach FL 3.86 4.77 5.91 4.89 5.45 3.84
33435 Boynton_Beach FL 3.42 6.12 7.01 6.40 7.32 2.74
33436 Boynton_Beach FL 2.59 4.78 6.27 5.05 6.39 2.57
33437 Boynton_Beach FL 2.98 4.93 6.21 5.17 3.69 2.97
33472 Boynton_Beach FL 3.17 4.96 6.32 5.26 3.62 3.17
33473 Boynton_Beach FL 3.15 5.17 6.24 5.38 7.00 2.98
33060 Pompano_Beach FL 3.68 5.11 6.32 5.44 5.13 3.24
33062 Pompano_Beach FL 5.53 5.97 7.08 6.23 6.05 4.82
33063 Pompano_Beach FL 2.28 4.55 6.22 4.89 3.20 2.23
33064 Pompano_Beach FL 3.61 6.04 6.98 6.33 5.60 3.08
33066 Pompano_each FL 1.70 4.87 6.39 5.15 1.96 1.67
33067 Pompano_Beach FL 2.67 4.72 6.30 5.03 3.04 2.47
33068 Pompano_Beach FL 2.63 4.46 6.14 4.76 3.88 2.40
33069 Pompano_Beach FL 3.30 5.29 6.48 5.53 5.30 2.57
33073 Pompano_Beach FL 2.51 4.49 6.23 4.80 3.83 2.42
33076 Pompano_Beach FL 3.41 5.48 6.84 5.82 5.53 2.66
33065 Coral_Springs FL 3.00 4.63 6.23 4.90 3.32 2.97
33071 Coral_Springs FL 3.36 4.77 6.20 5.01 3.60 3.34
33304 Fort_Lauderdale FL 3.90 4.78 6.65 5.83 5.31 2.55
33305 Fort_Lauderdale FL 3.78 4.55 6.24 5.17 4.78 2.82
33306 Fort_Lauderdale FL 4.27 5.07 6.28 5.37 5.66 2.88
33308 Fort_Lauderdale FL 2.90 4.22 6.28 4.79 4.19 2.44
33309 Fort_Lauderdale FL 3.03 5.03 6.31 5.26 4.62 2.47
33311 Fort_Lauderdale FL 3.04 4.91 6.25 5.28 4.66 2.50
33312 Fort_Lauderdale FL 2.82 4.91 6.39 5.27 4.59 2.22
33313 Fort_Lauderdale FL 5 48 5 81 6 37 5 87 5 59 5 48
33312 Fort_Lauderdale FL 2.82 4.91 6.39 5.27 4.59 2.22
33313 Fort_Lauderdale FL 5.48 5.81 6.37 5.87 5.59 5.48
33314 Fort_Lauderdale FL 2.76 5.35 6.49 5.59 4.63 2.00
33315 Fort_Lauderdale FL 3.91 4.67 6.32 5.09 4.84 2.87
33316 Fort_Lauderdale FL 5.50 6.26 7.38 6.70 6.56 4.01
33317 Fort_Lauderdale FL 4.75 6.04 6.70 6.18 5.70 4.64
33319 Fort_Lauderdale FL 3.16 5.01 6.35 5.24 4.44 2.49
33321 Fort_Lauderdale FL 2.35 4.41 6.18 4.76 2.58 2.26
33322 Fort_Lauderdale FL 3.29 5.61 7.02 5.98 4.36 3.27
33323 Fort_Lauderdale FL 2.76 4.67 6.36 5.10 3.91 2.47
33325 Fort_Lauderdale FL 2.95 5.19 6.35 5.42 3.47 2.68
33326 Fort_Lauderdale FL 2.38 5.10 6.37 5.37 2.86 2.32
33327 Fort_Lauderdale FL 2.36 5.35 6.37 5.63 4.08 2.28
33328 Fort_Lauderdale FL 2.53 4.81 6.62 5.16 4.40 2.20
33330 Fort_Lauderdale FL 2.33 5.23 6.40 5.52 3.26 1.93
33331 Fort_Lauderdale FL 2.12 5.37 6.65 5.68 2.48 1.98
33332 Fort_Lauderdale FL 2.39 4.92 6.52 5.08 3.44 1.80
33334 Fort_Lauderdale FL 3.64 4.97 6.19 5.22 5.36 3.09
33351 Fort_Lauderdale FL 2.39 4.67 6.21 4.98 2.78 2.36
33394 Fort_Lauderdale FL 0.00 0.00 0.00 0.00 0.00 0.00
33441 Deerfield_Beach FL 4.01 5.75 6.86 6.15 5.08 3.58
33442 Deerfield_Beach FL 1.97 4.84 6.45 5.17 3.20 1.79
33388 Plantation FL 0.00 0.00 0.00 0.00 0.00 0.00
33401 West_Palm_Beach FL 2.37 5.37 6.71 5.64 6.73 2.09
33403 West_Palm_Beach FL 2.33 4.83 6.40 5.44 4.79 2.16
33404 West_Palm_Beach FL 3.46 5.49 6.94 5.88 7.57 3.05
33405 West_Palm_Beach FL 3.06 5.81 6.93 6.26 7.85 2.67
33406 West_Palm_Beach FL 2.41 4.57 6.34 4.91 5.99 2.12
33407 West_Palm_Beach FL 3.05 5.58 6.84 5.98 7.46 2.94
33408 North_Palm_Beach FL 3.65 5.96 6.72 6.24 6.62 3.27
33411 West_Palm_Beach FL 2.49 4.44 6.56 4.87 4.59 2.34
33412 West_Palm_Beach FL 3.29 5.60 6.75 5.88 4.96 3.05
33413 West_Palm_Beach FL 3.64 5.15 6.61 5.46 5.29 3.36
33414 Wellington FL 3.79 5.11 6.35 5.34 5.34 3.74
33415 West_Palm_Beach FL 2.46 4.32 6.21 4.61 5.31 2.27
33417 West_Palm_Beach FL 3.16 5.02 6.45 5.25 5.50 2.99
33418 Palm_Beach_Gardens FL 4.02 5.53 6.62 5.78 4.50 3.99



